207
-7 0 1 8 -1 37
-6 0 2 9 0 38
-5 0 3 10 1 39
-4 0 4 11 2 40
-3 0 5 12 3 41
-2 0 6 13 4 42
-1 0 7 14 5 43
0 0 -1 15 6 -1
-7 1 9 -1 -1 0
-6 1 10 18 8 1
-5 1 11 19 9 2
-4 1 12 20 10 3
-3 1 13 21 11 4
-2 1 14 22 12 5
-1 1 15 23 13 6
0 1 16 24 14 7
1 1 -1 -1 15 -1
-7 2 18 -1 -1 31
-6 2 19 -1 17 9
-5 2 20 -1 18 10
-4 2 21 -1 19 11
-3 2 22 28 20 12
-2 2 23 27 21 13
-1 2 24 -1 22 14
0 2 -1 25 23 15
0 3 -1 -1 -1 24
-3 3 27 -1 -1 -1
-2 3 -1 -1 26 22
-3 3 29 -1 -1 21
-2 3 -1 -1 28 30
-2 2 -1 29 -1 -1
-7 1 32 17 -1 33
-6 1 -1 -1 31 34
-7 0 34 31 -1 -1
-6 0 35 32 33 -1
-5 0 -1 36 34 -1
-5 1 -1 -1 -1 35
-7 -1 38 0 -1 52
-6 -1 39 1 37 53
-5 -1 40 2 38 54
-4 -1 41 3 39 55
-3 -1 42 4 40 56
-2 -1 43 5 41 156
-1 -1 44 6 42 157
0 -1 45 197 43 180
1 -1 46 198 44 181
2 -1 47 199 45 182
3 -1 48 200 46 183
4 -1 49 196 47 184
5 -1 -1 -1 48 -1
-9 -2 51 -1 -1 -1
-8 -2 52 -1 50 58
-7 -2 53 37 51 59
-6 -2 54 38 52 60
-5 -2 55 39 53 61
-4 -2 56 40 54 62
-3 -2 57 41 55 63
-2 -2 -1 -1 56 64
-8 -3 59 51 -1 65
-7 -3 60 52 58 66
-6 -3 61 53 59 144
-5 -3 62 54 60 145
-4 -3 63 55 61 -1
-3 -3 64 56 62 153
-2 -3 -1 57 63 154
-8 -4 66 58 -1 -1
-7 -4 -1 59 65 74
-14 -5 68 -1 -1 90
-13 -5 69 76 67 91
-12 -5 70 77 68 92
-11 -5 71 78 69 93
-10 -5 72 79 70 94
-9 -5 73 80 71 95
-8 -5 74 81 72 -1
-7 -5 -1 66 73 143
-14 -4 76 -1 -1 -1
-13 -4 77 -1 75 68
-12 -4 78 82 76 69
-11 -4 79 83 77 70
-10 -4 80 84 78 71
-9 -4 81 85 79 72
-8 -4 -1 86 80 73
-12 -3 83 89 -1 77
-11 -3 84 -1 82 78
-10 -3 85 -1 83 79
-9 -3 86 88 84 80
-8 -3 -1 -1 85 81
-10 -2 88 -1 -1 -1
-9 -2 -1 -1 87 85
-12 -2 -1 -1 -1 82
-14 -6 91 67 -1 96
-13 -6 92 68 90 97
-12 -6 93 69 91 98
-11 -6 94 70 92 99
-10 -6 95 71 93 100
-9 -6 -1 72 94 101
-14 -7 97 90 -1 -1
-13 -7 98 91 96 -1
-12 -7 99 92 97 104
-11 -7 100 93 98 105
-10 -7 101 94 99 106
-9 -7 102 95 100 107
-8 -7 103 -1 101 -1
-7 -7 -1 -1 102 142
-12 -8 105 98 -1 111
-11 -8 106 99 104 112
-10 -8 107 100 105 113
-9 -8 -1 101 106 114
-15 -9 109 -1 -1 -1
-14 -9 110 -1 108 116
-13 -9 111 -1 109 117
-12 -9 112 104 110 118
-11 -9 113 105 111 119
-10 -9 114 106 112 120
-9 -9 115 107 113 121
-8 -9 -1 141 114 122
-14 -10 117 109 -1 123
-13 -10 118 110 116 124
-12 -10 119 111 117 125
-11 -10 120 112 118 126
-10 -10 121 113 119 134
-9 -10 122 114 120 135
-8 -10 -1 115 121 -1
-14 -11 124 116 -1 -1
-13 -11 125 117 123 128
-12 -11 126 118 124 129
-11 -11 -1 119 125 130
-14 -12 128 -1 -1 132
-13 -12 129 124 127 -1
-12 -12 130 125 128 -1
-11 -12 131 126 129 -1
-10 -12 -1 -1 130 -1
-14 -13 -1 127 -1 -1
-11 -11 134 -1 -1 -1
-10 -11 135 120 133 136
-9 -11 -1 121 134 140
-10 -12 -1 134 -1 138
-11 -13 138 139 -1 -1
-10 -13 -1 136 137 -1
-11 -12 -1 -1 -1 137
-9 -12 -1 135 -1 -1
-8 -8 -1 -1 -1 115
-7 -8 -1 103 -1 -1
-7 -6 -1 74 -1 -1
-6 -4 145 60 -1 -1
-5 -4 146 61 144 148
-4 -4 147 -1 145 149
-3 -4 -1 -1 146 150
-5 -5 149 145 -1 151
-4 -5 150 146 148 152
-3 -5 -1 147 149 -1
-5 -6 152 148 -1 -1
-4 -6 -1 149 151 -1
-3 -4 154 63 -1 -1
-2 -4 -1 64 153 -1
-3 -2 156 -1 -1 160
-2 -2 157 42 155 161
-1 -2 158 43 156 162
0 -2 159 -1 157 163
1 -2 -1 -1 158 164
-3 -3 161 155 -1 -1
-2 -3 -1 156 160 -1
-1 -3 163 157 -1 -1
0 -3 164 158 162 169
1 -3 165 159 163 170
2 -3 166 -1 164 171
3 -3 167 -1 165 -1
4 -3 -1 -1 166 -1
-1 -4 169 172 -1 174
0 -4 170 163 168 175
1 -4 171 164 169 176
2 -4 -1 165 170 177
-1 -3 -1 -1 -1 168
-2 -5 174 -1 -1 -1
-1 -5 175 168 173 -1
0 -5 176 169 174 178
1 -5 177 170 175 -1
2 -5 -1 171 176 -1
0 -6 179 175 -1 -1
1 -6 -1 -1 178 -1
0 -2 181 44 -1 -1
1 -2 182 45 180 -1
2 -2 183 46 181 186
3 -2 184 47 182 187
4 -2 -1 48 183 188
1 -3 186 -1 -1 -1
2 -3 187 182 185 189
3 -3 188 183 186 190
4 -3 -1 184 187 191
2 -4 190 186 -1 -1
3 -4 191 187 189 192
4 -4 -1 188 190 193
3 -5 193 190 -1 -1
4 -5 -1 191 192 -1
2 0 195 -1 -1 -1
3 0 196 -1 194 -1
4 0 -1 -1 195 48
0 0 198 202 -1 44
1 0 199 203 197 45
2 0 200 204 198 46
3 0 201 205 199 47
4 0 -1 -1 200 -1
0 1 203 -1 -1 197
1 1 204 206 202 198
2 1 205 -1 203 199
3 1 -1 -1 204 200
1 2 -1 -1 -1 203
222
7 3
7 0
16 3
16 0
16 1
24 0
25 0
25 1
25 2
23 1
27 0
27 1
26 1
26 2
26 3
30 2
30 3
30 0
29 0
29 1
28 1
28 2
20 1
19 1
18 1
17 1
17 2
31 2
33 2
33 3
34 3
35 3
35 0
36 0
36 1
36 2
32 0
32 1
8 1
8 2
0 2
37 2
51 1
50 1
50 2
50 3
58 2
65 2
65 3
81 0
86 0
86 1
88 0
88 1
87 1
87 2
87 3
84 1
83 1
89 0
89 1
89 2
82 2
76 1
75 1
75 2
75 3
67 1
67 2
90 2
96 2
96 3
97 3
104 2
110 1
109 1
108 1
108 2
108 3
116 2
123 2
123 3
127 1
127 2
132 2
132 3
132 0
128 3
129 3
130 3
131 3
131 0
131 1
126 0
133 1
133 2
133 3
136 2
139 0
139 1
139 2
137 2
137 3
138 3
138 0
136 0
140 2
140 3
140 0
135 0
122 3
122 0
115 0
141 0
141 1
141 2
107 0
102 3
142 2
142 3
142 0
103 0
103 1
102 1
95 0
73 3
143 2
143 3
143 0
74 0
66 0
144 2
144 3
148 2
151 2
151 3
152 3
152 0
150 3
150 0
147 0
147 1
146 1
62 3
153 2
153 3
154 3
154 0
64 0
57 0
57 1
155 1
155 2
160 2
160 3
161 3
161 0
162 2
162 3
172 0
172 1
172 2
168 2
173 1
173 2
173 3
174 3
178 2
178 3
179 3
179 0
179 1
176 3
177 3
177 0
171 0
166 3
167 3
167 0
167 1
166 1
165 1
159 0
159 1
158 1
180 2
180 3
181 3
185 1
185 2
185 3
189 2
189 3
192 2
192 3
193 3
193 0
191 0
188 0
184 0
49 3
49 0
49 1
196 0
196 1
195 1
194 1
194 2
194 3
195 3
201 3
201 0
201 1
205 0
205 1
204 1
206 0
206 1
206 2
202 1
202 2
197 2
